0.0251
0.3770
0.3089
0.6554
0.5271
0.6480
0.8808
1.1853
1.3827
1.4373
1.4863
1.6347
1.7506
1.9568
2.1181
2.6618
3.0605
3.4784
3.7264
4.1774
5.0318
5.3242
5.7484
5.8871
6.0448
6.2945
6.4752
7.0990
7.3269
7.9252
8.3603
8.6873
9.2359
9.4913
10.0653
10.8742
11.4935
11.9111
12.5694
12.7075
12.8489
13.4961
13.9632
14.6667
15.0372
15.3526
16.0577
17.0755
17.7872
18.3155
18.8291
19.1848
19.7151
19.9856
20.6855
20.8797
20.9647
21.1511
21.8369
22.5225
22.8038
23.3323
23.9938
24.4153
25.1451
25.6558
25.7366
26.0563
26.7498
26.9743
27.4870
27.7615
27.8830
28.6714
29.0292
29.4554
29.7344
30.2139
30.6460
30.8173
31.6234
32.2216
32.9564
33.3680
33.5663
34.1312
34.5572
34.9267
35.4488
36.1236
36.7721
37.3686
37.8297
38.1923
38.7501
39.3047
40.1505
40.4740
40.7372
41.0950
41.6035
42.2994
42.7190
43.7308
44.4567
44.7978
45.1825
45.4249
45.9120
46.2803
46.7755
47.1684
47.7703
47.9686
48.2569
48.4596
48.6951
49.1047
49.3998
49.6202
49.6857
49.8198
50.4107
50.6145
51.1188
51.8553
52.4389
52.5450
52.5052
52.6856
53.1408
53.8293
54.1194
54.8666
55.4159
55.6956
56.1520
56.2398
56.6053
57.2728
57.8850
58.3528
59.1041
59.4490
60.3261
61.1178
61.5003
61.6194
62.2352
62.3650
62.6082
63.0098
63.7848
64.1574
64.8433
65.1809
65.8181
66.5428
66.9752
67.1737
67.8227
68.2337
68.9962
69.5795
70.0275
70.4135
70.9922
71.2035
71.8066
72.3546
73.0100
73.6529
74.4250
74.7487
75.5542
76.0232
76.5187
77.1251
77.7681
78.1213
78.7750
79.2641
79.9991
80.0839
81.1461
81.4696
82.1444
82.6655
83.1693
83.5867
84.2897
85.1045
85.8556
86.1605
86.3659
86.7519
87.2825
87.3917
88.0895
88.8910
89.4158
89.7771
89.9695
90.2565
90.7625
91.3636
91.6723
91.8837
92.6697
92.8572
93.4854
93.9407
94.4348
95.3617
95.7051
96.1039
96.2516
96.4849
97.1667
98.0784
98.5553
99.2006
99.9807
100.5499
100.6296
101.0527
101.2399
102.0535
103.1873
103.8721
104.5718
105.2666
105.5409
105.7862
106.2739
106.8987
107.2480
107.7946
107.7710
108.4778
108.6867
109.2503
110.0240
110.7628
111.1894
111.7056
112.1959
113.0017
113.0672
113.3876
113.9059
114.7305
114.8692
114.9763
115.2710
115.7586
116.1814
116.7085
117.3198
117.8753
118.2716
118.8500
119.1246
119.9815
120.4899
121.1999
121.7146
122.2605
122.4981
122.6996
123.5869
123.8934
124.3601
125.3707
125.9955
126.8824
127.6148
128.4510
129.3353
130.0637
130.1404
130.7872
131.7426
132.5630
133.2706
133.4946
134.2664
135.0555
135.5423
136.3687
137.0885
137.1634
137.3076
137.7421
138.3406
138.5598
139.1981
139.5940
140.2869
140.9310
141.2282
141.6339
142.0199
142.3638
142.6654
143.4615
144.1642
144.6675
144.7038
145.2908
146.0605
146.5173
147.1206
147.6014
147.9518
148.5527
149.8613
150.5815
151.0666
151.7810
152.4949
153.0968
153.8487
154.1513
154.7268
155.7030
156.3696
157.0870
157.6064
158.4251
158.9991
159.2625
159.7855
160.9268
161.4673
161.9978
162.5108
163.2315
164.1612
164.5097
165.0084
165.3968
166.1947
167.0269
167.5820
167.6947
168.0198
168.4382
169.0520
169.9619
170.1035
170.7705
171.5150
172.1879
172.7796
173.3209
174.2256
175.0059
175.4368
176.0493
176.8054
177.5617
177.9304
178.1424
179.0604
179.5861
180.4033
180.6655
181.4559
182.0304
182.9701
183.6938
184.5137
184.9236
185.1509
186.1238
186.5016
186.8371
187.4125
187.8693
188.6003
189.2614
189.6074
190.4224
190.7367
191.2578
191.5482
192.2738
192.7585
192.9868
193.5831
193.7434
194.4497
194.7501
195.2068
195.8749
196.6183
197.0100
197.6299
198.3782
198.6952
199.1132
200.0656
200.7467
201.2070
202.1323
202.5314
202.8956
203.0755
203.9835
204.4141
205.1047
205.6507
206.4152
207.3681
207.9413
208.8290
209.6380
209.9874
210.5749
210.9325
211.5249
212.2939
213.0354
213.9320
214.7814
215.7472
216.7174
217.2185
218.3097
218.6053
218.9798
220.1757
220.7905
221.3973
222.5963
223.4219
224.1409
224.8284
225.4768
226.5526
227.1603
227.7351
228.6732
229.5690
230.3634
231.0993
231.7268
232.3692
233.0737
233.3886
234.0123
234.1212
234.5523
234.8714
235.3182
235.8141
236.5094
237.2188
238.0010
238.3388
238.7218
239.3096
240.0584
240.4848
241.0279
241.9632
242.6436
243.4823
244.0090
244.7947
245.3325
246.2490
246.8799
247.6042
248.4175
249.2125
250.1071
251.2383
251.9282
252.6596
253.6202
254.1135
254.8830
255.3399
256.0225
257.0332
257.6864
258.3443
258.8232
259.1873
259.4858
260.0720
260.5197
261.3302
261.8528
262.6567
263.2741
263.7970
264.3462
265.1222
265.6020
266.1353
266.4767
266.9101
267.6811
268.6090
268.6770
268.8818
269.4676
269.7446
269.6121
270.0849
270.2207
270.6597
270.8324
271.0583
271.4247
271.4353
271.6326
271.8819
271.6289
271.4453
271.4256
271.2496
270.8487
270.9675
270.7764
270.6670
270.5904
270.6244
270.2778
270.6864
270.8547
270.3686
270.6543
270.8330
270.7810
270.6863
270.9208
271.1569
271.4087
271.3356
271.5215
271.4673
271.3503
271.3706
271.4066
271.5047
271.0710
271.2858
271.1844
271.1489
271.5129
271.9651
272.0538
272.0650
271.9369
271.8370
272.0949
271.5219
271.5821
271.5825
271.5266
271.3875
271.1277
270.8241
270.8913
270.9093
271.0085
271.0242
271.3033
270.8353
270.8424
271.1313
271.1615
271.3200
271.1766
270.7803
270.5273
270.3325
270.3135
270.3497
270.3196
270.4266
270.7824
270.4968
270.3917
270.8580
270.6955
270.7100
270.6752
270.7130
270.6091
270.6110
270.2708
269.7944
270.3034
270.5226
270.5311
270.5508
270.2703
270.2832
270.1043
270.0027
269.5360
269.1854
268.7171
268.6508
268.6144
268.3609
268.4338
268.1892
267.7971
267.7738
267.5539
267.2975
266.8381
266.2625
265.7394
265.7488
265.5923
265.0994
264.6061
264.2333
263.5658
263.4087
263.0266
262.7706
262.1448
261.8699
261.3508
260.9552
260.2998
259.5941
259.1283
258.5511
258.3036
257.9015
257.6104
257.2678
257.0391
256.3987
256.2696
255.6434
255.0935
254.8888
254.1758
253.6783
252.9021
252.6507
252.1420
251.8309
251.2004
250.8441
250.4223
250.1600
249.6824
249.0282
248.7063
248.2027
247.9595
247.2914
246.1263
245.3996
244.9908
244.5932
244.2077
243.8298
243.6134
243.2835
242.9764
242.5636
242.5035
242.3383
241.6583
240.8718
240.2542
240.0011
239.7402
239.4470
239.1247
238.5930
238.4493
237.7669
237.2573
236.7503
236.3118
236.3187
235.7504
235.1126
234.5849
234.1628
233.8622
233.2318
232.6724
232.0818
231.6346
230.8191
230.1243
229.6453
229.0816
228.4482
228.0280
227.4606
226.9606
226.6118
226.3828
226.1663
225.9574
225.9871
225.5920
224.8239
224.4481
224.2623
224.0098
223.5820
223.0567
222.3559
222.0840
221.6047
221.2842
220.6929
220.3772
220.3092
219.8973
219.7521
219.4235
218.7199
218.3062
218.0161
217.3068
216.8790
216.0905
215.3382
214.2655
213.4263
213.0436
212.3696
211.7095
210.8028
210.1059
209.5821
208.9680
208.3801
208.0613
207.2438
207.1023
206.7444
206.1808
205.8203
205.4377
205.3427
204.9468
204.5890
203.6925
203.0675
202.3662
202.0564
201.3982
200.8530
200.5968
200.3677
200.1617
199.8210
199.5772
199.2618
199.3177
199.2902
198.8434
198.3937
197.8004
197.2975
196.5656
196.0866
195.3699
194.7998
193.9626
193.6094
192.8019
192.3769
191.8320
191.3264
190.6805
190.4520
190.2491
189.9018
189.1249
188.5439
188.1524
187.8425
186.9878
186.1933
185.3341
185.0721
184.4886
184.0308
183.5136
183.0706
182.0285
181.6236
180.9480
180.2230
179.2895
179.0937
178.5494
178.4939
177.9479
177.7592
177.4250
176.9799
176.1549
175.7921
175.1531
174.2998
173.5526
173.0349
172.3729
171.8538
170.9702
170.4062
169.7737
169.1711
168.6565
168.5849
167.7697
167.1885
166.7926
166.5530
165.6675
165.2421
164.4978
164.3492
163.6870
163.1647
162.5265
161.8716
161.1316
160.5600
160.1225
159.7670
159.3718
158.7665
158.3147
157.8317
156.9924
156.5459
155.9445
155.4422
154.9132
154.8727
154.3933
154.2816
153.8594
153.3985
152.6513
152.1615
151.3457
150.5664
149.8347
149.0487
148.9298
148.9619
148.6725
148.1524
147.7439
147.3919
146.5867
145.9793
145.5449
145.3016
144.8242
144.5904
143.7104
143.5394
143.1293
142.6198
141.7694
141.0597
140.5112
140.1973
139.7974
139.4712
139.5029
138.9775
138.6617
137.5418
136.6154
135.9648
135.4728
134.5855
133.7692
133.5167
133.3532
132.6303
131.9816
131.2600
130.7019
130.4973
129.5564
128.7649
128.4937
127.9826
127.5675
127.1849
126.8677
126.2243
125.5526
124.7294
124.2039
123.5127
123.4653
122.6813
121.9757
121.5796
121.0051
120.6974
120.1622
119.2733
118.9298
118.2764
117.5451
116.9505
116.1552
115.6042
115.2013
114.2015
113.7410
113.2910
112.7139
111.8224
111.3650
110.8180
110.2350
110.1227
109.8015
109.3576
109.0403
108.8765
108.1038
107.4727
106.8433
106.0110
105.5916
104.7403
104.2867
104.2087
103.5338
103.1034
102.3255
101.5679
101.3159
100.3912
99.4731
98.7470
98.3594
97.5224
96.8942
95.9231
94.7534
93.9516
92.9511
92.5613
91.8397
90.9992
90.6109
89.8564
89.5178
88.7183
88.6025
88.0185
87.1574
86.6156
86.0988
85.6648
85.4459
84.6607
84.1086
83.8020
83.0973
82.2815
81.6319
81.2166
81.0186
80.6415
80.3036
80.0561
79.2569
78.2380
77.6088
76.9626
76.7894
76.3434
75.8978
75.2985
74.5421
73.9314
73.3613
72.4801
72.2074
71.3651
70.6694
70.0655
69.4426
69.1591
68.8023
68.3283
67.3101
66.5859
65.6061
64.9257
64.2473
63.6419
63.0986
62.9652
62.4973
61.4745
60.4861
59.8507
59.0243
58.4817
57.9998
57.3017
56.7180
55.9784
55.2551
54.6001
53.9462
53.4755
52.6133
51.6060
51.1054
50.6907
50.4048
49.9779
49.3492
48.6111
48.0185
47.2669
46.4549
45.7752
45.2501
44.7691
43.9620
42.8677
42.4233
41.7918
41.1207
40.6544
39.7952
39.3252
38.6173
38.0372
37.3165
36.7712
36.4033
35.2883
34.6401
33.7996
32.8164
32.0157
31.1543
30.2541
29.9608
29.4432
28.6227
27.8780
27.5786
26.8996
26.6502
25.7235
25.0887
24.1302
23.3610
22.5012
21.5679
21.2036
20.8763
19.9532
19.3768
18.5252
18.1410
17.8770
17.0563
16.6591
16.1937
15.8843
15.1294
14.2502
13.3194
12.6370
12.0653
10.9951
10.4046