0
1
1
2
2
2
3
4
5
5
6
6
7
7
8
10
12
13
14
16
19
20
22
22
23
24
24
27
28
30
31
33
35
36
38
41
43
45
47
48
48
51
53
55
57
58
60
64
67
69
71
72
74
75
78
79
79
80
82
85
86
88
90
92
95
97
97
98
101
102
103
104
105
108
109
111
112
114
115
116
119
121
124
126
126
128
130
131
133
136
138
141
142
144
146
148
151
152
153
155
157
159
161
165
167
169
170
171
173
174
176
178
180
181
182
182
183
185
186
187
187
187
190
190
192
195
197
198
198
198
200
203
204
206
209
210
211
212
213
216
218
220
222
224
227
230
231
232
234
235
236
237
240
241
244
245
248
250
252
253
255
257
260
262
264
265
267
268
270
272
275
277
280
281
284
286
288
290
293
294
296
298
301
301
305
307
309
311
313
315
317
320
323
324
325
326
328
329
332
335
337
338
339
340
342
344
345
346
349
349
352
354
355
359
360
362
362
363
366
369
371
373
376
378
379
380
381
384
388
391
394
396
397
398
400
402
404
406
406
408
409
411
414
417
418
420
422
425
426
427
429
432
432
433
434
436
437
439
442
444
445
447
448
452
453
456
458
460
461
462
465
466
468
472
474
478
480
483
487
489
490
492
496
499
502
502
505
508
510
513
516
516
517
518
521
521
524
525
528
530
531
533
534
536
537
540
543
544
545
547
550
551
554
555
557
559
564
567
569
571
574
576
579
580
582
586
588
591
593
596
598
599
601
606
608
610
612
614
618
619
621
622
625
629
631
631
632
634
636
640
640
643
645
648
650
652
656
659
660
663
665
668
670
670
674
676
679
680
683
685
689
691
694
696
697
700
702
703
705
707
710
712
714
717
718
720
721
724
725
726
729
729
732
733
735
737
740
741
744
747
748
749
753
755
757
761
762
764
764
768
769
772
774
777
780
783
786
789
790
792
794
796
799
802
805
808
812
816
817
822
823
824
829
831
833
838
841
844
846
849
853
855
857
861
864
867
870
872
874
877
878
881
881
883
884
886
887
890
893
896
897
898
901
903
905
907
911
913
916
918
921
923
927
929
932
935
938
941
946
948
951
954
956
959
961
964
967
970
972
974
975
977
979
980
983
985
988
991
993
995
998
1000
1002
1003
1004
1007
1011
1011
1012
1014
1015
1015
1016
1017
1019
1019
1020
1021
1022
1022
1023
1022
1022
1021
1021
1019
1020
1019
1019
1018
1018
1017
1019
1019
1018
1019
1019
1019
1019
1020
1020
1021
1021
1022
1022
1021
1021
1021
1022
1020
1021
1021
1020
1022
1024
1024
1024
1023
1023
1024
1022
1022
1022
1022
1021
1020
1019
1019
1020
1020
1020
1021
1019
1019
1020
1020
1021
1021
1019
1018
1017
1017
1017
1017
1018
1019
1018
1018
1019
1019
1019
1019
1019
1018
1018
1017
1015
1017
1018
1018
1018
1017
1017
1017
1016
1014
1013
1011
1011
1011
1010
1010
1009
1008
1008
1007
1006
1004
1002
1000
1000
1000
998
996
994
992
991
990
989
987
986
984
982
980
977
975
973
972
971
969
968
967
965
964
962
960
959
957
955
952
951
949
948
945
944
942
941
940
937
936
934
933
931
926
924
922
921
919
918
917
916
914
913
913
912
909
906
904
903
902
901
900
898
897
895
893
891
889
889
887
885
883
881
880
878
876
873
872
869
866
864
862
860
858
856
854
853
852
851
850
850
849
846
845
844
843
841
839
837
836
834
833
831
829
829
828
827
826
823
822
820
818
816
813
810
806
803
802
799
797
793
791
789
786
784
783
780
779
778
776
775
773
773
771
770
767
764
762
760
758
756
755
754
753
752
751
750
750
750
748
747
744
743
740
738
735
733
730
729
726
724
722
720
718
717
716
715
712
710
708
707
704
701
697
696
694
693
691
689
685
684
681
678
675
674
672
672
670
669
668
666
663
662
659
656
653
651
649
647
643
641
639
637
635
634
631
629
628
627
623
622
619
619
616
614
612
609
606
604
603
601
600
598
596
594
591
589
587
585
583
583
581
581
579
577
574
573
570
567
564
561
560
561
560
558
556
555
552
549
548
547
545
544
541
540
539
537
534
531
529
528
526
525
525
523
522
518
514
512
510
506
503
502
502
499
497
494
492
491
488
485
484
482
480
479
477
475
473
469
467
465
465
462
459
458
455
454
452
449
448
445
442
440
437
435
434
430
428
426
424
421
419
417
415
414
413
412
410
410
407
404
402
399
397
394
392
392
390
388
385
382
381
378
374
372
370
367
365
361
357
354
350
348
346
342
341
338
337
334
333
331
328
326
324
322
322
319
317
315
313
310
307
306
305
303
302
301
298
294
292
290
289
287
286
283
281
278
276
273
272
269
266
264
261
260
259
257
253
251
247
244
242
240
237
237
235
231
228
225
222
220
218
216
213
211
208
205
203
201
198
194
192
191
190
188
186
183
181
178
175
172
170
168
165
161
160
157
155
153
150
148
145
143
140
138
137
133
130
127
124
120
117
114
113
111
108
105
104
101
100
97
94
91
88
85
81
80
79
75
73
70
68
67
64
63
61
60
57
54
50
48
45
41
39
